===== Q7 baseline (p=1): n=1e2,1e4,1e6,1e8 =====
n = 100, p = 1, pi = 3.1416009869231245, relative error = 2.65e-06, time (sec) =   0.0000
n = 10000, p = 1, pi = 3.1415926544231318, relative error = 2.65e-10, time (sec) =   0.0000
n = 1000000, p = 1, pi = 3.1415926535899388, relative error = 4.64e-14, time (sec) =   0.0018
n = 100000000, p = 1, pi = 3.1415926535900223, relative error = 7.29e-14, time (sec) =   0.1792
